       MEAN          VARIANCE  
  0.9931734       3.069788    
 
    lag   covx      covy     
 ------------------------------------
     1  3.069788  3.111281
     2  1.164055  1.200440
     3  0.429988  0.472883
     4  0.150580  0.262080
     5  0.062475  0.152665
     6  0.040400  0.037263
     7  0.047361  0.053829
     8  0.043569  0.092338
     9  0.052012  0.019558
    10  0.038970  -.010026
    11  -.002899  -.023590
    12  -.032040  -.028923
    13  -.020570  -.017027
    14  -.020064  -.025665
    15  -.028550  -.064441
    16  -.008749  0.006127
    17  -.029926  -.014710
    18  -.011559  -.014424
    19  0.015867  -.084351
    20  0.011675  -.067885
    21  0.015159  -.062309
    22  0.047197  -.020247
    23  0.031817  -.024366
    24  -.002657  -.047621
    25  -.005480  -.071286
    26  -.003626  -.050641
    27  0.004700  -.074757
    28  0.021596  -.021787
    29  0.063471  -.049537
    30  0.066361  -.059432
    31  0.035126  -.024813
    32  0.036705  0.008416
    33  0.040575  0.028317
    34  0.019974  0.018918
    35  0.004333  0.027275
    36  0.003697  0.044449
    37  0.011866  0.048500
    38  -.025154  0.033519
    39  -.002658  0.060120
    40  0.009554  0.135635
    41  0.036278  0.094526
    42  0.050025  -.049355
    43  0.013256  -.070930
    44  0.002256  -.040606
    45  -.017866  0.009624
    46  -.000815  -.081528
    47  -.018298  -.065915
    48  0.011872  -.061072
    49  -.009158  -.073978
    50  0.007694
    51  -.004399
    52  0.004572
    53  -.014584
    54  -.011527
    55  0.030736
    56  -.000893
    57  0.011333
    58  0.003433
    59  0.008554
    60  -.025252
    61  -.049607
    62  -.046387
    63  -.005546
    64  -.031515
    65  -.071405
    66  -.065926
    67  -.086897
    68  -.056657
    69  -.023030
    70  -.026757
    71  -.006782
    72  -.019493
    73  -.021810
    74  -.063354
    75  -.046460
    76  -.060291
    77  -.073096
    78  -.057435
    79  -.030043
    80  -.014267
    81  -.032982
    82  -.018435
    83  -.014405
    84  -.055231
    85  -.017513
    86  -.008911
    87  0.034041
    88  0.039885
    89  0.074615
    90  0.073725
    91  0.065219
    92  0.011756
    93  -.020465
    94  -.027045
    95  -.040616
    96  0.007862
    97  0.013251
    98  0.025018
    99  0.037735
